Data for all exercises:

iphone_sales <- c(621, 455, 650, 600, 625, 646, 640, 750, 480, 629, 690, 600)

birth_weights <- c(2.57, 3.25, 2.51, 3.04, 2.12, 2.54, 2.39, 2.55, 3.2, 2.66, 2.77, 2.8, 2.45, 2.13, 2.57, 2.75, 3.11, 2.6, 2.58, 3.35, 2.39, 2.87, 2.47, 2.87, 2.08, 2.49, 2.59, 3.1, 2.51, 2.82, 2.53, 2.36,  2.98, 2.52, 3.24, 2.88, 2.64, 2.88, 2.68, 2.88, 2.54, 1.85, 2.76, 2.96, 2.31, 2.25, 2.53, 2.49, 2.87, 2.75, 3.11, 3.36, 2.69, 2.69, 2.8, 2.57, 2.65, 2.66, 2.81, 2.76, 2.6, 2.72, 2.63, 3.02, 2.7, 2.45, 2.6, 2.42, 2.78, 3.04, 2.95, 2.78, 2.66, 2.82, 2.68, 1.88, 2.84, 2.55, 3.21, 3.57, 2.2, 2.94, 2.75, 2.49, 2.95, 2.98, 2.66, 2.58, 2.27, 2.45, 2.61, 2.6, 3.08, 2.59, 3.46, 2.53, 3.33, 2.76, 2.27, 2.93)

students <- c( "Lauren",  "Marcelino",  "Ramona",  "Lonna", "Justine",  "Sanjuanita",  "Marquitta",  "Cristobal",  "Natalya",  "Shantae", "Jesusa",  "Florence",  "Manual",  "Rosendo",  "Gigi",  "Angelic", "Manie",  "Setsuko",  "Rosetta",  "Sherell",  "Carlota",  "Mark",  "Tawny",  "Denae",  "Kathe",  "Signe",  "Milissa",  "Maren", "Raylene",  "Keshia",  "Theresia",  "Josiah",  "Hillary", "Kourtney",  "Chase" )

grades <- c(78, 83, 60, 65, 67, 65, 56, 68, 86, 70, 55, 74, 73, 55, 83, 63, 60, 59, 70, 54, 63, 65, 69, 48, 63, 73, 59, 58, 65, 63, 61, 59, 84, 68, 69)